135220
213705
113602
153603
113603
223462
123316
184590
147242
106345
186989
151340
163603
135051
183459
124592
180598
500030
195493
131544
197730
202646
110888
113126
159950
105695
114178
192052
232415
121913
170401
201455
143856
157382
142487
218821
171371
146133
102158
152232
731368
131658
136915
126390
103737
505141
133068
152645
117263
135813
130190
229668
704920
141086
149948
211450
191406
131284
222531
213692
137928
147121
235219
154094
152136
101049
123088
103178
219001
181690
137950
203698
219810
139968
117562
165226
114915
186341
107493
190254
